  (0, 1)	1
  (0, 5)	1
  (0, 7)	1
  (0, 9)	1
  (0, 11)	1
  (0, 13)	1
  (0, 14)	1
  (0, 17)	1
  (0, 20)	1
  (0, 21)	1
  (0, 22)	1
  (0, 23)	1
  (0, 25)	1
  (0, 26)	1
  (0, 29)	1
  (0, 31)	1
  (0, 32)	1
  (1, 0)	1
  (1, 3)	1
  (1, 7)	1
  (1, 9)	1
  (1, 11)	1
  (1, 13)	1
  (1, 14)	1
  (1, 21)	1
  :	:
  (21, 1)	1
  (22, 0)	1
  (22, 2)	1
  (22, 4)	1
  (23, 0)	1
  (23, 14)	1
  (24, 10)	1
  (24, 12)	1
  (25, 0)	1
  (25, 1)	1
  (26, 0)	1
  (26, 1)	1
  (27, 2)	1
  (27, 4)	1
  (28, 2)	1
  (28, 6)	1
  (29, 0)	1
  (29, 1)	1
  (30, 2)	1
  (30, 4)	1
  (31, 0)	1
  (31, 1)	1
  (32, 0)	1
  (32, 3)	1
  (33, 2)	1