1.225159742108192118e+00 -9.517311629068607726e-01
1.016303646967939178e+00 -1.725175059728889071e+00
3.353400426414293589e-01 -1.724895500873389276e+00
1.786348220564975886e+00 -1.782653136226895585e+00
1.016750943495042359e+00 1.062569464814328679e+00
-1.514052012096356092e+00 -1.811038400446143060e+00
8.436497458624484524e-01 -1.579146940794541987e+00
6.579937475499260113e-01 7.621282439401722009e-02
1.243951654906075621e+00 1.740761587904431362e-01
1.340966851989947362e+00 1.301049546699821757e-01
-1.451643718229158386e+00 -1.948450218288213964e+00
-9.158104248058589469e-01 -8.370383440189033131e-01
-9.388790416948391560e-01 -9.397085273668195349e-01
-1.525136059948326794e+00 -1.735143604820157393e+00
-1.795301066023435865e-01 1.655067338180904457e-02
-1.472920288585225723e+00 -1.524696906740316882e+00
-1.670126647234636552e+00 -1.765541540977292545e+00
-6.459676337242574728e-01 -8.222652688277845012e-01
-8.586139591187398334e-01 -7.998710930208723369e-01
-1.004238568654260533e+00 -1.053167851330724547e+00
-1.064094291933925351e+00 -1.304111934751690072e+00
1.082232290733181390e+00 1.409067537076740262e-01
8.957458716102078000e-01 -3.073093321270236267e+00
-8.061322198847196141e-01 -9.877956951177855327e-01
1.429553643897321313e+00 5.834809814796060312e-01
-2.185521298158591419e-01 -1.553548738579603183e-01
9.467493234700000704e-01 -1.064011542878795735e+00
-1.168651903933868308e+00 -1.385725171846896586e+00
8.600585816970234276e-01 -1.578898997954072625e+00
7.037526839595937833e-01 -1.219660143408793473e+00
3.353725394904227830e-01 -2.140556718580657325e+00
3.791521315025614403e-01 -1.451050827176550762e+00
8.382787595710220474e-01 -7.401197757164278412e-01
3.606720030314239933e-01 -3.550345190945679796e+00
-1.515029148644191803e+00 -1.677131317403514288e+00
-1.725688749351554918e+00 -1.923005315384965108e+00
-2.487600576627168714e+00 -2.684805400453065261e+00
-1.062943268569899624e+00 -1.143638444171178659e+00
-1.661329890882489391e+00 -1.894645829045333185e+00
-6.356488641804380890e-02 4.168274882770026668e-01
-1.860283792133120118e+00 -2.195624201829191158e+00
-7.434926530066873207e-01 -1.001012294349757248e+00
-8.256553806682067620e-01 -5.718583663252924110e-01
-2.206405451393298467e-01 -1.609598372933740418e-01
6.338928492949885696e-01 -1.648120976388472769e+00
1.051086396740091189e+00 -4.513835036107802789e-01
-1.542614213989037530e+00 -1.635864569767462084e+00
1.102276237163115846e+00 -6.731986033315396911e-01
-1.888628217142607868e+00 -2.093899155766967723e+00
-9.943130027105359092e-01 -1.081517602131231159e+00
1.628043770373681864e+00 4.526385840603208699e-02
-5.110392855675485180e-01 -3.965601429775249542e-01
1.045030294810949112e+00 4.337846941832494974e-01
-9.467761998127697254e-01 -6.732453427191509299e-01
8.515511967861451037e-01 -1.941753447328451454e-01
1.158306751427676362e+00 -3.589657474658078939e-01
1.541490175572914678e+00 5.571161064900651549e-01
1.236941301751245836e+00 -1.406289222198478628e+00
2.045501163483280926e-01 -2.211542643542081965e+00
8.098710672405499134e-01 -1.433285095766634765e+00
-2.002767497480017145e+00 -2.508707720244534478e+00
-1.297002038009740454e+00 -1.352677436623723306e+00
8.026331415728442664e-01 -1.223769942949757272e+00
4.317778627719238704e-01 -3.788910909831217921e-01
-6.418866830693540360e-01 -5.304759477637152054e-01
8.125103036919402166e-01 -1.195332759814594192e+00
4.895943442755851249e-01 -2.640212302441291570e+00
-7.570694356885245835e-01 -6.425402819698823320e-01
-1.234381478013539812e-01 7.940621120020896484e-02
1.343173182402208177e+00 -1.437643778401710204e+00
9.682397270086007257e-01 -8.110076669638428548e-01
-1.256787437292098186e+00 -1.394590063734239438e+00
-1.115092373586943797e+00 -1.135829825477020716e+00
-1.297412501298732757e+00 -1.460770190495121801e+00
1.720039334867802250e+00 3.446517283259156184e-01
1.438364313000265460e+00 -2.112604106540928672e+00
-2.941217760942955728e-01 -1.968827854233252683e-01
1.023455091854781118e+00 -2.424025916224405997e+00
3.880592550946573294e-01 9.085673034512982138e-01
1.372145812511624818e+00 -1.341476539166605031e+00
-2.460705524260485166e+00 -3.255384333111147388e+00
-1.619174734861368536e+00 -2.156039945770956034e+00
-1.505137939569054728e+00 -1.720860021077238455e+00
1.240691679965740812e+00 -1.454767722661403972e+00
1.248811682805284651e+00 1.535792145446208679e-01
6.697134013408820863e-01 -2.421950193742570701e+00
2.118920442560293438e+00 5.871473447083490615e-01
-4.962972242188158356e-01 -3.849244740509583096e-01
-1.377422555004047533e+00 -1.602730627849157763e+00
8.245896878978297151e-01 -1.460922868568389710e+00
-5.725858935449031906e-01 -5.045161501547037464e-01
1.712564996980230347e-01 7.294311476080330703e-01
7.091780595073597926e-01 -2.379926193005181823e+00
-1.535197251921857298e+00 -1.618980974687294738e+00
1.506317712770020911e+00 -3.306207574308819286e-01
1.535430252271303253e+00 1.609769200793738086e-01
-7.220306139888413854e-01 -7.788902376069783973e-01
-8.972571860092428686e-01 -7.068912211057101214e-01
-9.770522064393299955e-01 -1.129377976692373498e+00
8.806841722794844785e-01 -1.338360377399735679e+00
1.356721474246116443e-01 5.731753675383155500e-01
1.035236098881062938e+00 -1.397988071882050765e+00
1.475391607791493254e+00 -5.426850181929858685e-01
-3.025356585345433391e-01 1.545220610530226857e-01
-1.614137816456674202e+00 -1.566690528956542927e+00
1.634681649319786878e+00 1.660511466226996191e+00
-6.176658710716596001e-01 -2.400249554912088357e-01
-1.076096626061410211e+00 -1.143561092568450510e+00
9.047120655094309516e-01 -8.286165138195722424e-01
5.303450958390454328e-01 -3.259501515208933498e+00
6.556426499618961401e-02 -3.493102072060515262e+00
-1.603067951453906792e+00 -1.419785305545327336e+00
-7.378761590919946656e-01 -4.323330645784034809e-01
-1.302491379362435975e+00 -1.182138368283405239e+00
1.605386704429430766e+00 -7.804264599015193760e-01
-1.385386556120884016e+00 -1.504292563299391094e+00
-1.409679121818328884e+00 -1.807302486243964834e+00
-1.294679120274751849e+00 -1.442074418037638806e+00
-1.275044862874401996e+00 -1.387971019794821181e+00
1.049018642025155046e+00 -1.125458369186951080e+00
-2.369978848374446612e-01 7.420123675350454029e-02
1.179103508196058137e+00 5.214287514973485749e-01
1.193088144084311741e+00 5.156598963365257582e-01
-4.010406490667738355e-01 -3.425774567067334520e-01
1.161835471254896612e+00 1.309628356330946541e+00
6.416614153921358366e-01 -2.300973764219022222e+00
-1.985856896751638789e+00 -2.189683591762758841e+00
2.240333513285527545e+00 1.863999858288192257e+00
-9.929604164629532992e-01 -8.812309951812616893e-01
3.963982853246239557e-01 -4.001476404512194662e+00
6.575998215645590950e-01 -2.090278334444599206e+00
1.490077864587675549e-01 -2.086117245277291588e+00
3.225156599058538465e-01 -8.600454565690844877e-01
4.416379186831544956e-01 -1.965486145658039252e+00
-2.824917239303004202e-03 3.135203147950669234e-01
-1.124446728152643127e+00 -1.004150646195240082e+00
-1.423345763475774017e+00 -1.707073086491893488e+00
5.828465085016099057e-01 -2.135708849626004380e+00
-2.436786800503724315e+00 -2.607503045824745236e+00
-1.441895200061090065e+00 -1.503133735744654143e+00
4.686560507255337349e-01 -2.685042756468447145e+00
1.676133758545756525e+00 -7.652303573958897376e-01
5.896841681151049341e-01 -6.368287257967806259e-01
-6.201574571625141363e-01 -6.000945593989825966e-02
-8.944343836240647994e-01 -7.354766947320607873e-01
-1.221543441577261024e+00 -1.178867531977612071e+00
-6.596095751781578809e-01 -5.715754468990505988e-01
2.279119061741318175e-01 -3.769927045507248220e+00
2.245105413477162415e+00 3.981226646736436336e+00
1.020792030114963778e+00 -5.144347466840198946e-01
9.852031014513896734e-01 -4.752078269132266053e-01
1.320525910007545045e+00 -3.099155419810595280e-02
1.213380329548018555e+00 -1.940156341095720327e+00
-4.243565141220765335e-01 2.025258886133363134e-02
1.307215131850487877e+00 -6.982891672535467276e-01
5.120034819442962348e-01 -7.363659902021322257e-01
-1.790764339679423944e+00 -1.828309838158534539e+00
9.433562426283533808e-01 -4.096859748520476074e-02
2.526241948973182438e-01 -4.040263306986588532e+00
1.141890472109816868e+00 2.832628716464395957e-01
5.548540537248692894e-01 -3.134929821747948875e+00
1.005274554483115645e+00 4.971650964169209708e-01
-3.410524468001127074e-01 -1.581373552420299866e-01
1.542247717672285301e+00 -8.587576938340343302e-01
1.093233992258418219e+00 -1.202708641447601368e+00
8.396789919596137075e-01 9.742196935521374446e-01
1.598810214495035797e+00 -5.431271957392277416e-01
-9.237187875941506032e-01 -7.414122494254038465e-01
1.681443061786429993e+00 1.346197098993957564e+00
1.088325390873853271e+00 -1.106079293171515543e+00
1.199868408412727350e+00 -1.303281132436135969e-01
-2.010135505158001656e+00 -2.632947505673475241e+00
1.270932003647262221e+00 -2.096153278946080167e+00
-1.603018389982329150e+00 -1.805160218120004156e+00
1.910204233704110077e+00 2.126628836583354776e+00
1.263892339732159753e+00 -2.733957022424582384e-01
-1.786934012554487694e+00 -2.257281705258010973e+00
-3.864994185623500389e-01 -1.521900594815868146e-01
-1.183929605021280862e+00 -1.394676670978590272e+00
-1.019724479999019495e+00 -9.385661682226317248e-01
1.323597315237888150e+00 -9.669249235233718931e-01
1.752937653012025976e+00 3.549004323526916416e-02
3.657099498766821499e-01 -8.664849398301506245e-01
1.143845913386894342e+00 -3.163628076109623599e-01
6.088739377844289979e-01 -1.181425326564961020e+00
8.232690267051763211e-01 -2.636340353573151329e+00
1.406346098702719427e+00 6.796289631237986129e-01
1.264340766321571108e+00 -7.181755355323004020e-01
-1.736607802636273679e+00 -2.313966145197813962e+00
1.410099264219548454e+00 -5.428858608159502497e-01
1.143237597153234475e+00 -1.462042514711473729e+00
-5.298374417088469457e-01 -2.743718193916782067e-01
-1.066321236098713099e+00 -1.382422012148271984e+00
-1.288127519071396776e+00 -1.415678542758660452e+00
-9.248432571829846571e-01 -9.169781509232863836e-01
8.940111614064671919e-02 2.953820723417610594e-01
-1.053867617703010406e+00 -9.845811339391711270e-01
9.269581296411480986e-01 -1.187438951611893279e+00
6.636215788432723306e-01 -9.643943665961728362e-01
9.453302678539046155e-01 -2.150445148967739861e+00
1.912807253294335208e+00 -1.002681512109343087e+00
1.000114676669559666e+00 -2.954139584660236295e+00
-2.438672767461024904e+00 -2.779927536190378579e+00
-1.030072622903293933e+00 -7.506838134354476555e-01
1.353167615579560445e+00 -9.668367457415700805e-01
-2.369650982992757005e-01 1.589394554460492603e-01
-1.553095186493364199e+00 -1.551612728132854890e+00
-1.598815313750589384e+00 -2.066334355440202053e+00
1.187532631230262314e+00 -3.087394107795937703e-01
-9.487497632135833969e-01 -8.325642501219754354e-01
-7.860054065685589952e-01 -9.916667660451370381e-01
6.685222169030524686e-01 -2.546698916538609136e+00
-1.159425863681145419e+00 -1.232317921107564329e+00
1.044314929523363800e+00 -1.370205535317067458e+00
1.007071806231567779e+00 -4.951941503533796585e-01
1.262726957484400003e+00 -3.556223803720057308e+00
8.796734423082805954e-01 2.548036275842864296e-01
7.063416013237044933e-01 -3.379151432561979806e-01
5.054059024193733318e-01 -3.263839987611163451e+00
-9.489818983490461157e-02 3.550276729236268025e-01
1.082853057192272539e+00 -1.309054944648787355e+00
-2.322708995235506224e-01 7.037763057691370783e-02
5.648011794607326053e-01 -2.248894221576287933e+00
1.326444543695430633e+00 6.250450546001593555e-01
-8.861387128072512054e-01 -1.012231742544529967e+00
2.188412939882300456e-02 3.651680790995628367e-01
3.133467170562163062e-01 1.168423049098590738e+00
4.049033519707763151e-01 -1.559340321228690041e+00
1.255490639659643026e+00 -1.433120448708183670e+00
-8.414410366156306331e-01 -6.919148378677333344e-01
8.826702991014955257e-01 -2.884867486605000586e+00
3.430844080351392877e-01 -1.824991902605533900e-01
-9.683990228001598810e-01 -1.015489249110228531e+00
1.197990775784274042e+00 2.673871745603064731e-01
-6.374889110466219755e-01 -3.689960721167427904e-01
9.735936297758502889e-01 -1.886703387590795700e-01
1.017376697410113717e+00 -9.349931782846706563e-01
-8.193310228200070267e-01 -7.899796575186074366e-01
9.776786252293575563e-01 -1.303919101690493410e+00
-2.223173139347301985e-01 -2.746429360749957915e-02
-8.663402087342377822e-01 -6.136185866353440765e-01
-8.201520405362200394e-01 -7.507244676268308714e-01
6.277047815077039239e-01 -3.213560847896443473e+00
6.916490271086186414e-01 7.890473522830032671e-02
1.524902823800476259e+00 1.132524066016944886e+00
-1.419884371503767229e+00 -1.799987435587642848e+00
1.524140136230001108e-01 6.755176588423694728e-01
1.437939492602307023e+00 4.087643125144593270e-01
1.268907548740870528e+00 -8.085457463781501319e-01
-2.007542104567768160e+00 -2.579609045154985125e+00
-1.233125432933451782e+00 -1.546731693517594763e+00
1.168850441460584921e+00 1.085507499465818704e-01
-1.111404157230114986e+00 -9.894433898260270865e-01
1.717796205541846977e+00 1.717939113748121471e+00
-2.860300561271877928e-01 -1.296963288560688543e-01
-1.844201397320823332e+00 -2.148860092396768451e+00
-8.709024105292396678e-01 -9.848831550949683766e-01
-4.143043643979973378e-01 -2.961812892553095100e-01
-4.323411468554874126e-01 -2.159087268296370210e-01
-1.619015510892239496e+00 -2.003262024373043459e+00
-2.058547140020509758e+00 -2.545180333975008757e+00
-1.796708228303622645e+00 -2.213308726188986775e+00
-9.887536946263045801e-01 -9.591099567932789283e-01
9.285549051566565071e-01 -6.319649981017383400e-01
-5.034488395163287944e-01 -3.152740168814599508e-01
-1.052844864571306882e+00 -1.410614605583124126e+00
1.803049901874647087e-01 -2.154509201213468117e+00
7.716788742175132443e-01 -3.154476639274836902e+00
-1.379414632048658662e+00 -1.381071866927985337e+00
-8.059928633912043505e-01 -9.436484289365619782e-01
1.142053489686281509e+00 1.386418055866955878e-01
-9.048182004719561577e-01 -9.070001968010890092e-01
1.180777891386500578e+00 -9.665276839572978229e-01
-1.168787110790772577e+00 -1.386440742240727886e+00
-2.816232574450063808e-01 5.316369075620452911e-02
1.034717144925810350e+00 -1.124729601833516668e+00
-1.231122690674262499e+00 -1.398581466117917005e+00
-7.717117211130457566e-01 -6.450087255411409703e-01
6.910337704059832387e-01 -1.204288285612191478e+00
1.413972759117446909e+00 -3.557275917021729406e-01
-8.624637998069899503e-01 -6.784748274991974082e-01
-6.973241176671431951e-01 -6.977022630207353471e-01
-1.032074671460357029e+00 -8.911848049791761817e-01
-7.280146353471308451e-01 -6.459200795896613556e-01
9.802647000827723334e-01 -1.793244918706167201e-01
7.598480140900414348e-01 -8.775725386316852727e-01
1.545667861813242450e+00 8.472639046039651678e-01
8.297963525422180631e-02 -1.330183899541460324e+00
1.045359763846636314e+00 -2.575152362481929469e-01
-2.284437624237559028e+00 -2.868707304994498664e+00
-9.305464341961684482e-01 -9.610434047989656614e-01
-7.193758734825042023e-01 -6.559327469910892772e-01
2.707665214133175846e-01 -1.254549993910287764e+00
5.876264310917600486e-01 -2.042463034164498481e+00
-9.325520209328346244e-01 -8.359639636744962132e-01
-4.158191238907461562e-01 -4.686304577505245872e-01
8.363166162811331850e-01 7.787710844825079803e-02
7.566590762111924384e-01 -1.243996259643185054e+00
-2.663972217478211002e-01 1.038813775195666089e-01
1.866280780596706546e+00 2.461883001629924905e+00
-2.428124700377491951e-01 -3.305177254432156708e-01
-1.157249989521442757e+00 -1.169203543444462312e+00
2.096752436051733781e+00 1.245097995330876728e+00
6.576902867020019139e-01 -1.796209619698343696e+00
-1.802578016137027506e+00 -2.042239770966860490e+00
8.029855748493119894e-01 -1.503603337349927127e+00
8.889670969892421448e-01 -2.041515874351973459e+00
9.964122237827639506e-01 -1.659872915918401359e+00
3.204457330562071604e-02 -3.417369131921288439e-02
-5.423858253216939929e-02 -2.508848077143813970e+00
-1.530055109731446983e+00 -1.809350169707131473e+00
-1.352566570462768514e+00 -1.719819668832550441e+00
1.087253052554164823e+00 -2.341257782444070124e+00
-5.694523245169462733e-01 -3.745972231111660555e-01
1.273934571357919543e+00 -3.010346903013271902e+00
-7.418184846286439704e-01 -3.769180863661378833e-01
-1.823928878652732122e+00 -1.986996445921870968e+00
-1.313609368558926072e+00 -1.248631717388432261e+00
-1.687180589987080204e+00 -1.939370826454038355e+00
-1.712929325117471757e+00 -2.231476860988020672e+00
-1.345646408700932772e+00 -1.253198595207081878e+00
-1.314880825659337837e+00 -1.347331050776427785e+00
-4.448517238505096394e-01 -2.950543357821797663e-01
-1.914531830438221949e+00 -2.063856238953842848e+00
5.808104885332767697e-01 -5.173945889570935597e-01
1.373715004788817584e+00 -1.345920293434487158e-01
-1.867165225367128922e+00 -1.796801487649136941e+00
4.296614419126719708e-01 -3.293891186597994736e+00
-1.596480304896054747e+00 -1.411693697058546304e+00
5.320093516906583275e-01 -8.708358692309837723e-01
5.540054415273923949e-01 -2.618842544109182491e+00
1.272357104949083384e+00 -1.029312562764926886e-01
-1.300659110371876759e+00 -1.333907575430739234e+00
-9.944680005235732034e-01 -1.094654119708462492e+00
-1.463296054557210013e+00 -1.439805474791079343e+00
-9.138590252895237853e-01 -7.194433760676066658e-01
-1.041664070165804645e+00 -1.225121213688882493e+00
1.284272708587644418e+00 -3.484899066011708513e-01
-1.125339875041643678e+00 -1.131336135654537056e+00
1.053196411781395669e+00 -2.202393407530320424e+00
-1.454846902894086913e-01 2.721815668022269374e-01
-1.055412434341724826e+00 -1.049598759446505492e+00
-1.761884774205848325e+00 -1.873625102692352939e+00
8.976125126942809951e-01 -8.162751808684471921e-01
-2.141827084546426008e-01 7.654958058408789512e-02
3.996819391681319944e-01 -1.505435318116802534e+00
1.849275041219047511e+00 -1.164034543350599415e-01
-8.107536113139286460e-01 -8.717991941375566878e-01
-1.496821355146389143e+00 -1.554406568880681849e+00
-5.534099465099793225e-01 -1.658630700598990870e-01
6.450006702926501800e-01 8.897197297955379280e-01
-4.226285080180958165e-01 -2.111524718804225209e-01
9.254680662893892684e-01 -6.289728521608862755e-01
1.723184901850343120e+00 -1.238914425926562757e+00
-1.670374945023392232e+00 -2.063001124957782650e+00
-7.678079939165443069e-01 -7.060249383199311835e-01
-1.071116252985393480e-02 1.866502141842534268e-01
-5.858555309577906378e-02 2.802771084545385705e-01
-1.578920097081714102e+00 -1.763805391172011294e+00
6.947796432837131109e-01 -2.450865498199067405e-01
6.750534805933346982e-01 -1.452285729099871414e-01
-7.993089157805783884e-01 -5.150649061758006964e-01
6.814280534546169887e-01 -2.910794467712628286e+00
-1.190317857174021388e+00 -9.780256350718822267e-01
-6.055468864079972535e-01 -5.170786853526031512e-01
-2.166438443579544515e+00 -2.383600659492798535e+00
1.270112224324001060e+00 3.952697479285429694e-01
1.711804119916887634e+00 1.316834154340591478e+00
1.092391077345321815e+00 -1.028724709644822211e+00
-1.181935512182315406e+00 -1.184940614439253359e+00
-1.315785640669769885e+00 -1.377503584721421426e+00
9.270792550859410230e-01 -7.006779834972687304e-02
-9.695007026540530815e-01 -8.518146583648802395e-01
-1.425557538396115653e+00 -1.598685998292546095e+00
-3.543671139126022274e-01 -9.645103012586164759e-02
-1.247567125500558038e+00 -1.243889530331468762e+00
-1.013543963485361576e-01 5.303544648746205681e-02
-7.063105643663960542e-01 -5.550647504096215545e-01
-1.595504318455459147e+00 -1.384448469066513976e+00
-1.933024188920312580e+00 -2.149145009047369381e+00
5.151406156915501189e-01 -1.062496030797468016e+00
-8.272816505339417592e-01 -5.862759844767276851e-01
-1.893456584591906022e+00 -2.390138123320251218e+00
-6.831582715298238906e-01 -5.536493376077090689e-01
9.322580059253581242e-01 -4.803830275238356595e-01
-9.804253228060488823e-01 -1.173351027336758001e+00
-5.298808625641541203e-01 -2.266581456451615129e-01
-3.147452976530605850e-01 -1.448341120752277833e-01
6.753447461909612981e-01 -2.250677553255401975e+00
-1.596779398266001460e+00 -1.845069567857171133e+00
-9.164710555016696292e-01 -1.166663697928548515e+00
-1.274911867990500935e+00 -1.402600142246481107e+00
6.358361602610836938e-01 -2.939793668102923974e+00
4.341444744750738716e-01 -1.842839904719123290e+00
6.785606938863919524e-02 4.588804046477492626e-01
-1.379622385848324750e+00 -1.785387523865381576e+00
-1.086012099693471455e+00 -1.120720020817277840e+00
8.625603076052343887e-01 -1.965906116774913226e+00
-5.577175461261817402e-01 -4.442466930614205056e-01
5.003521244490294340e-01 -2.209702631448085874e+00
-7.996680259277428870e-01 -8.268493070906758335e-01
-1.150120128852913481e+00 -1.055929510277478167e+00
1.029379211168840680e+00 -1.206500724688502224e+00
1.217544705928585769e+00 -7.248609776295642515e-01
-8.618022759708890979e-01 -7.386452981052432643e-01
-1.283142374833279753e+00 -1.548126287231496701e+00
-1.373529566334551255e+00 -1.219984129029420661e+00
9.198666014907823651e-01 -6.842845737111094007e-01
-1.170024339855464834e+00 -1.145207409898006512e+00
-3.259184046895239328e-01 -1.452821711670366778e-01
1.389643812596058847e+00 -8.823726738611880061e-01
9.365937020648581468e-01 -8.751961613092418268e-02
3.771713596613905928e-01 9.600968260732749560e-01
-1.457372829366174294e+00 -1.667827374016964903e+00
-4.865107950859430819e-01 -5.533969922888969384e-01
-1.155562954759032479e+00 -1.320488991537396295e+00
2.103337832622077297e+00 8.199889448188384389e-01
1.770735252437020790e+00 1.950648736804108552e+00
1.839150227429584117e+00 6.819884474362465365e-01
-1.219002650107492647e+00 -1.242330133457355767e+00
-5.601401289471310552e-01 -6.146354233312437687e-01
4.326327435243333408e-01 -2.705317487532155951e+00
-7.730228101181417788e-01 -5.239285784338891805e-01
6.166096925583519628e-01 -2.151963302821127577e+00
-1.867226584588009608e+00 -2.400324846379726651e+00
1.242388041673968324e+00 -2.193246994834962216e+00
6.035549080122558641e-01 -2.707097125387378345e+00
-1.964473250938219451e+00 -2.283979596863433770e+00
1.103504098875781603e-01 -3.026002074212780002e+00
7.207635988633940283e-01 -3.274087858459849620e+00
1.544867650797686842e+00 -3.921398518473117045e-01
-1.535157534346572428e+00 -1.728043871902462891e+00
1.388099100617375292e+00 -4.494523873984825890e-01
1.025050693416506009e+00 -3.208198400144961049e+00
1.079392522697651735e+00 1.908526415607271431e+00
-1.284208073374272896e+00 -1.286660701354011227e+00
1.164641151085470838e+00 -1.908306182514565075e+00
1.094497846118124951e+00 1.173776702439934816e-01
1.400143335197273409e+00 -9.192251868953744687e-01
-1.488707333370812291e-01 -1.034881257485469330e-01
1.408190995202890150e+00 -6.235646723145441550e-01
1.139190416469675560e+00 -7.845001390286095999e-01
-1.079552527256547823e+00 -1.091418841087037350e+00
1.248149286801215396e+00 -3.042640597136245795e-01
-1.740065545333218555e+00 -1.977579739697711503e+00
-1.983965452626874848e+00 -2.152255658834815844e+00
1.553696345174863325e+00 -5.144578980354053144e-02
1.687014851253550329e+00 4.530262435132235144e-01
6.212818072197975328e-01 1.711228813176270958e-01
1.084668988724323713e+00 -1.586205628877993323e+00
2.692473461079436525e-01 -1.376910327925121136e+00
-9.746232474346674390e-01 -1.046669757884833185e+00
-1.411680227174877178e+00 -1.443174554017139233e+00
-8.474164858407349232e-01 -6.273684159100056945e-01
1.062421560205563109e+00 -3.686359275767003840e-01
8.712262668975658819e-01 -1.661311038023512765e+00
1.431811051302762872e+00 8.449340329557648577e-01
8.740411761331756679e-01 -1.537545975210523608e+00
6.413312836621922752e-01 -6.885351646679883642e-01
-6.561460282874943539e-01 -8.118901071817519188e-01
-1.055270593761973741e+00 -1.127230044649977669e+00
-9.889540484109556884e-01 -9.428571115137660552e-01
1.594645459026151624e+00 2.330292902464132787e-01
1.016175362886872824e+00 -6.707682299939303761e-01
1.003997254938513661e+00 -9.142663629088867427e-01
8.273059648431446700e-01 -1.717467340664661668e+00
-1.041188541541139934e+00 -9.881026342894229098e-01
3.707008423418139964e-01 -2.356952589592959058e+00
8.647230650608276337e-01 -2.503554545055403313e+00
9.185913190344696666e-02 6.655318406407300103e-01
-2.109499797310971481e+00 -2.461686359340375940e+00
1.397261239500927177e+00 7.216235044439482937e-01
1.534844627615284729e+00 1.635126604945660311e-01
-6.304374798152742043e-01 -6.067489555743674767e-01
-6.663685085873296554e-01 -4.396332769312593092e-01
-2.436115371318353651e-01 1.627200500639953695e-01
9.074591440863642999e-01 -2.096411106292743742e+00
7.806623354243644730e-01 -2.713720651604941692e-01
5.129113205337723080e-01 -2.031722054767818086e+00
-1.167441504843036437e+00 -1.309972832154988165e+00
9.559186573060840519e-01 -6.844276270521156835e-01
1.026368576429420587e+00 -4.192286612087159359e-02
-1.521772235416230412e+00 -1.732150341194534260e+00
5.043651269685589522e-01 -2.030791096923127981e+00
5.480402672732545000e-01 -1.891263610671991113e+00
-1.359998350177000992e+00 -1.787217565168355504e+00
6.097345707883816690e-01 -4.973335404326859610e-01
-1.247094914983747804e+00 -1.525772174743146303e+00
1.027934675816220000e+00 -1.849198143286430618e+00
6.831045926954146807e-01 -1.113744936425317800e+00
1.409106322380363263e+00 1.888453272220897983e+00
9.412612379628321202e-01 3.177556140690396269e-02
-1.368097712658733478e+00 -1.559648948247913225e+00
1.440927397785415121e+00 -8.474695985166830203e-01
1.077653382075684618e+00 -2.015676641375993228e+00
1.106653977970479819e-01 -3.390767721006505919e+00
-5.000350904603949598e-01 -3.021809020824460790e-01
-1.243533566455898187e+00 -1.450511578144017433e+00
-8.640445831063751081e-01 -8.729609573168559677e-01
1.331428404291769674e+00 3.390555440107816398e-01
9.977504647836799023e-01 -1.129228370466578646e+00
-1.504724004076849031e+00 -1.624775940319808321e+00
-2.391369973659274173e+00 -2.769838527771868009e+00
1.488000103598731583e+00 6.134017146555832412e-01
9.381902266521842115e-01 7.919352250903628487e-01
-6.687203035043574051e-01 -1.030880610919599594e+00
-1.709350397633768726e+00 -1.938635279202751027e+00
1.115021966501310136e+00 -1.522941370504122149e+00
9.797616668477971968e-01 -1.606511540420037853e+00
7.128564735104138128e-01 -2.301743752062968884e+00
9.494738133290755444e-01 -1.348255981039069962e+00
5.073579490112746226e-01 -1.623439523116002370e+00
-4.384195550444636158e-01 -2.951616596176607210e-01
-8.862045975512125029e-01 -7.970617930854076993e-01
1.148033902853998311e+00 -8.898670493386948710e-01
-1.527998130648882125e+00 -1.832592706569225793e+00
-2.858857090097848275e-01 -1.060411800979963459e-01
1.909472867763099657e+00 4.351695819654253228e-01
-4.674121197391372107e-01 -6.175927528769533659e-01
-7.758900273044142537e-01 -6.766147996795872643e-01
-1.561953207530773824e+00 -1.617165836016000391e+00
-1.107226308822769401e+00 -1.371344200576727346e+00
-1.670275701810952196e+00 -1.924896168744608449e+00
-1.211419000605467033e+00 -1.268561074906643604e+00
-1.205632653078062777e+00 -1.378449320931026012e+00
-1.283449232630663461e+00 -1.322539175697189595e+00
-1.320968124369370278e+00 -1.676799916366694454e+00
1.245271573295508860e+00 -3.645180428585113042e-01
3.935619643854983973e-01 1.035850791240181312e+00
-1.212239331002422871e+00 -1.490866419953673194e+00
1.386943026696662695e+00 -1.110016194680409241e+00
8.512048369268966352e-01 -1.693578260724272200e+00
-4.908384214407717216e-01 -5.079360644877364273e-01
3.649353415403059353e-01 -2.089835456175594075e+00
1.151132150707232960e+00 -5.581815454019367628e-02
1.574904559409125770e+00 1.191827249632266383e+00
-4.786932593988376672e-01 -4.455414320889886648e-01
1.294863378425330946e+00 1.390253192202508536e+00
9.359182268743247990e-01 -1.564701319590157125e+00
-2.506629477812486684e+00 -3.054729582380073083e+00
8.343666986019518950e-01 -1.806026042209743387e+00
1.911975546241024171e+00 1.661580734517704716e-01
-2.699396458232212304e+00 -3.355254196915399945e+00
1.126725364330095402e+00 -6.772869993614265560e-01
1.303597094339563833e+00 -1.028921696489207616e+00
1.341953813246435034e+00 -1.542891089483536593e+00
-7.610385678566169432e-01 -7.386767827873658154e-01
-5.386039922888549158e-01 -4.564679842963329515e-01
7.482237824004562832e-01 5.772738628423101925e-01
8.049384352046851099e-01 -1.869960764990263868e-02
-7.416002231144152024e-01 -6.958016890736860027e-01
1.473635651069752805e+00 1.179825448734767690e+00
1.090501949847086038e+00 -6.713808924495727748e-01
9.735041938981130460e-01 -1.090143096072096141e+00
8.193668233956298286e-01 -1.688139040544630820e+00
-1.308774030478930372e+00 -1.526524486365893774e+00
-2.551940665839312894e-01 7.025434823523957206e-02
1.185413244833412039e+00 -9.137782644801015763e-01
9.588870485645121233e-01 -1.750318008198486153e+00
1.713587338947391014e+00 1.896786825999887682e-01
1.531850258858704183e+00 -4.883180790833432372e-01
2.641471747351800126e-01 -3.633381117923009551e+00
-1.746212075682347820e+00 -1.886813924793458996e+00
2.209549511923450726e+00 1.336503971207936736e+00
-1.213811148419965846e+00 -1.608142704837262293e+00
1.453743420729743718e+00 -1.465199146863100932e+00
-1.882739079941386784e-01 -1.616472589375961277e-02
1.232404065581841790e+00 -7.955663780448154476e-01
1.355222060729397882e+00 -5.278454805401322503e-01
1.474920567529797388e+00 -1.881305566809523988e+00
3.676823042720818169e-01 -1.717835062555517434e+00
-1.799560478063173541e+00 -1.761206025745460924e+00
9.017964075496273102e-01 -3.227683693632507067e-01
1.245826921035879664e+00 -2.113006551605940420e+00
5.543719244521363443e-01 -1.025092069974818498e+00
-2.362810804908133555e+00 -2.851198574979152855e+00
-3.307688056154647338e-01 -2.588096729055824330e-01
1.520884375734930405e+00 -1.216900978661428212e-02
3.348692280236743590e-01 -1.990392103524526668e+00
-8.223410805087391084e-01 -6.386468408120420381e-01
-6.476669494901070578e-01 -4.350760227672024749e-01
-1.423304567993478820e+00 -1.521491930452828711e+00
-1.696335264759403216e+00 -2.084325682673699109e+00
-3.132899721488862088e-01 2.671665529201225908e-01
-9.101206221763580295e-03 3.125911494795450274e-01
-1.768320823408903175e-01 3.344209137625742123e-02
5.474761949257149762e-01 -2.180639593049698899e+00
-6.717451774111218299e-01 -5.439818309419293119e-01
-1.494256216999878095e+00 -1.400268530819696267e+00
-9.490336017736447083e-01 -9.373904594757527242e-01
-2.203629268439962097e+00 -2.428794956508701475e+00
-2.040794462523922714e+00 -2.175992527703127344e+00
8.616396368607346368e-01 -1.350495053626287190e+00
1.019012563539309024e+00 -9.029304528914042782e-01
1.138725307799050013e+00 -4.220183736529514729e-01
3.714558131336372915e-01 -2.426423484557961530e+00
-9.134012471437940039e-01 -8.521169710526530494e-01
-1.416905313169316116e+00 -1.702419794387564966e+00
7.087395353020820021e-02 -1.890158529831706957e+00
-8.319416790505218540e-01 -5.749304543538238388e-01
-2.296074003763302063e-01 9.760568562862315112e-02
-1.926377304211106534e+00 -2.069626566740105034e+00
9.877605100580773012e-01 -2.257571104353234936e+00
-1.339382580039493620e+00 -1.392221573678925184e+00
4.275994771117135329e-01 1.061111676017694627e+00
2.689098699298329009e-01 6.427465411782975480e-01
1.778745045564918525e+00 7.592130377901304961e-01
1.147057130763424748e+00 -1.536477190292926398e+00
1.069361721648875108e+00 -1.440743496878304164e+00
1.690950034575427363e+00 2.539508259827050196e-02
3.630541446452859589e-01 -2.027346804157814208e+00
-6.195757706728755032e-01 -6.404537544613846389e-01
6.946499328338757717e-01 -1.441528883917521764e+00
-3.930568699631248331e-01 -3.208580942048244733e-01
-9.373242791206483071e-01 -8.826412547050670465e-01
7.941819678512439529e-01 -2.093807367568188749e+00
1.156451269279146210e+00 -9.509309938706439480e-01
1.005069112884263038e+00 -1.297054805462667160e+00
-1.266333449298971292e+00 -1.363392418561797825e+00
-1.639948752334146054e-01 1.092054753585505189e-01
9.262086494997976427e-01 -1.362754686873645538e+00
-5.990100057257552457e-01 -6.204732900463862943e-01
-1.735465054084490255e+00 -1.811435503751995135e+00
1.321547467490038930e+00 -4.104208387466294905e-01
5.752133851362312145e-01 -2.579944124905010572e+00
-1.692627031168674190e+00 -1.982306648456453324e+00
1.003739091167695552e+00 -2.074081489546243606e+00
-1.320737528944295525e+00 -1.449740262437254845e+00
1.738022005440885032e+00 -8.103171736268377501e-02
-3.545301175511570424e-01 -3.614263426235647669e-01
-6.701450939205255697e-02 5.439858338121261738e-02
9.982253868268242680e-01 -1.222625778240237659e+00
-1.267610696869015730e+00 -1.377757821130603411e+00
8.887264346108647572e-03 3.606102057082565260e-01
-1.522111885123279773e+00 -1.655268368772174092e+00
-1.200201495177377620e+00 -9.860362825585013979e-01
-1.721048217180654483e+00 -1.970428548798541568e+00
9.023737191878250519e-01 1.081213156864168301e+00
2.499824563042802872e-01 6.441955895062470017e-01
-8.163863932693673497e-01 -9.485430861475143693e-01
1.363041028412461442e+00 2.845045472367573325e-01
-1.120032160757148176e+00 -7.283842297411747824e-01
-2.010840504267215056e-01 -2.766420235517757398e+00
-9.544519064908369987e-01 -1.084529388763218805e+00
-7.952252310971217319e-01 -4.723656088370059569e-01
-1.050869097588645440e+00 -1.224370910359211084e+00
-3.941801484752505136e-01 -8.412690094085018000e-02
-8.624773640667330321e-01 -1.046892339015900175e+00
1.975536511956642594e-01 -3.734413077654308744e+00
-2.460852734222652938e+00 -2.972184327302363815e+00
-1.071871086177493826e-01 -9.549131314297554241e-02
5.905687717017165106e-01 -2.514852188503239550e+00
-7.492946992841739151e-01 -4.940277735234387402e-01
5.125888149587860543e-01 -2.265661084528475477e+00
9.217168028421254267e-01 4.826823877147590203e-02
3.412816480991913703e-01 7.851438244768944585e-01
-1.429370293536492698e+00 -1.449738329954822103e+00
-9.414080811455272091e-01 -9.607367396835593265e-01
6.513841001864582037e-01 -3.596353945352595005e-01
1.673158277426097351e+00 3.411967658639047940e-02
8.181942867218943150e-01 -1.100296921419854357e-01
1.727860134378110590e+00 -1.578216729708747934e-02
1.385330924983379397e+00 -3.467256262727156368e-01
8.318255355219410507e-01 -2.864042541147513443e-01
-7.655679827315635677e-01 -8.907768118911308930e-01
4.536245253996261662e-01 -1.550105445642022906e+00
1.369467259381052848e+00 -1.416530766310147849e+00
1.095503723903417548e+00 -1.064552227411833751e+00
-1.543088014178073619e+00 -1.888326733296126658e+00
4.810930685193184342e-01 -1.683367835716800931e+00
1.689052121514634131e+00 -2.095908755122352085e-01
-9.398898867682156100e-01 -8.928703527298885723e-01
-1.249267501354373477e+00 -1.242234878820987376e+00
5.307287144440449023e-01 1.239153629736651219e-01
6.099363357797999985e-01 -2.192920312520163506e+00
7.942724261159134214e-01 -1.225848727724494047e+00
-2.933791600614673811e+00 -3.411263408058835100e+00
9.766175997601134195e-01 -5.027183870378312269e-01
-9.413360132094583665e-01 -1.073888324585035470e+00
-2.349323883511068800e+00 -2.978004257963349666e+00
-6.669876366489820851e-01 -7.730962870208019089e-01
-1.480543473673970656e+00 -1.699817555604163699e+00
1.211661787374850752e+00 -3.400128912824529337e-01
-4.523878848259967889e-01 -2.891609660044550889e+00
1.163980295981466906e+00 -3.334066046284916984e-01
-1.450025479415773866e+00 -1.751283951093021152e+00
-2.105067778238759679e+00 -2.626079288141522028e+00
4.575935002574399446e-01 -8.542452776724234198e-01
6.417593658713980354e-01 -3.080699837190019608e-01
-1.351755870376748492e+00 -1.418385645304054199e+00
6.781389878925678794e-01 -2.304006575406647439e-01
8.071060569250418926e-01 -2.845192298287031463e+00
-2.239809298407938964e+00 -2.587769938235246592e+00
-3.353287495812413699e-01 3.701247217023873048e-02
8.613800606507284741e-01 7.691792635876271156e-02
-5.760709586239893820e-01 -4.752673840182351839e+00
-2.415907453509603675e-01 -1.225035704424535243e-01
8.179261040456752285e-01 -1.892046950503086356e+00
-2.034272058472220479e+00 -2.523566275532399761e+00
1.859250541149447322e+00 7.770498114443662452e-01
2.129469012451276066e-01 -1.889897563834784133e+00
1.389512507130699959e+00 -7.289214772314367430e-02
1.373695653106785208e+00 -7.733897841713892607e-01
9.094612876011441971e-01 5.717624209039360306e-01
4.259758843118039984e-01 9.021546477008093312e-01
-1.393221483313927145e+00 -1.481089717242568771e+00
-6.618853626410721169e-01 -8.717900590066101074e-01
1.428866199569705175e+00 -1.721978496627603050e-01
9.651103156355962387e-01 -2.076420953991601426e+00
1.336929290115387525e+00 -1.268415533138525841e+00
-1.337327787726386497e+00 -1.298506276712278584e+00
-1.957330761027158417e+00 -2.110849305178757351e+00
3.813786966515411159e-01 8.578459793508717013e-01
1.131027166466380907e+00 -2.306552153752620349e+00
-4.539049115545643609e-01 -5.037804913446701782e-01
-2.845790510640433535e-02 1.391768631213101681e-01
-5.501848349898397217e-01 -5.199475892644382924e-01
-1.500306958387519263e+00 -1.853426371627770131e+00
2.620620831010134211e-02 -4.713236823875551984e+00
-7.935272816857178446e-01 -7.405921600424656415e-01
-6.497428388567632052e-01 -5.368132765723667710e-01
-1.204686862940287595e+00 -1.113930900565291093e+00
-6.218403303026962536e-01 -5.992947865747295655e-01
1.273064941709148634e+00 1.201957531632330323e+00
1.020243318102008967e+00 -8.741965883040003771e-02
-2.009142454622518947e-01 1.155643477634527017e-03
1.165840326627301637e+00 5.003464164733935071e-01
-3.853349232446573458e-01 1.401056228579860008e-01
-1.290158845320711123e+00 -9.750800766568694655e-01
3.816467414227282529e-01 -2.747448448382202812e+00
-1.918186814271336971e+00 -2.127689125079798682e+00
1.343413951396246198e-01 -3.003682242594183371e+00
-1.069053365075392836e+00 -1.077117739960852250e+00
-1.207812925941833093e+00 -1.250472555180799805e+00
1.502526002263979699e+00 8.018572128920002928e-01
8.040920701405752657e-01 -1.449227772989520879e+00
1.567130440680544190e-01 -1.360223234839631923e+00
-4.270275977738721140e-01 -5.164807795801706902e-02
2.050591384075735490e+00 1.110315864303559774e+00
8.418821520226045241e-01 9.131040453565659742e-01
1.306936985352337377e+00 -1.562732589913647940e+00
-1.137358751895420017e+00 -9.344907837200662204e-01
3.625163813255508627e-01 -2.377727923752392947e+00
-1.093042715500176953e+00 -1.047408480156026611e+00
-8.011665802698437755e-01 -7.956743221785401721e-01
-1.749876632732382919e+00 -2.061335884777919514e+00
2.002708003500137224e+00 7.261328765282817344e-01
-6.368360118932776537e-01 -3.976457565662043780e-01
1.354901145374959981e+00 1.355326708419755111e-01
-1.146764693310961647e+00 -1.348432474040393458e+00
5.456122393960416428e-01 -1.745905647808822847e+00
1.380522148656200709e+00 -1.735963345447467443e+00
1.280928678954197597e+00 -6.062934368320949119e-03
2.709306973242313621e-01 6.126020315812306105e-01
1.770198617470478908e+00 3.818552859845953940e-01
-1.462942971062553443e+00 -1.570340210243096557e+00
1.705807665842562937e+00 2.567017714476159451e+00
2.980822701999408242e-01 -9.351440840526172860e-01
-1.236045848122767632e+00 -1.277010538459613764e+00
1.015509478516488429e+00 -1.054229791531950955e+00
4.269027076710725233e-01 -9.533674224256919461e-01
-1.389589436648976939e+00 -1.488549113985173644e+00
-1.512401931943663236e-01 4.233164992254434544e-01
-5.130841589169437000e-01 -6.230041297826149904e-01
-1.170816933857524056e+00 -1.279377201746932702e+00
2.205750341772883871e+00 1.800296619037281776e+00
-1.071232097113350656e+00 -1.324038431223613754e+00
-1.611352768330385876e+00 -2.002155196744249466e+00
-1.388707008767280371e-01 2.278577834091719545e-01
-6.146355380959086512e-01 -4.787699422598317156e-01
1.585799069104686154e+00 -4.324397211658081996e-02
1.894480783833853321e+00 3.691453928732875145e-01
-1.760964757053075536e+00 -2.143389510866732017e+00
-1.526095661644653045e+00 -1.970826773103348417e+00
4.751581614095935491e-01 -2.862852296824458964e+00
-9.496290159848412848e-01 -9.261152224578809156e-01
-1.483117351597840194e-02 3.752572800355531424e-01
8.348985327370591625e-01 -4.749302811729001483e-01
1.261931756498602564e+00 -1.853443253422260018e+00
7.272478576567432684e-01 -2.386622607270804330e+00
-9.415483107531273932e-01 -8.429216954827212227e-01
-1.341518514154862007e+00 -1.229485450949985959e+00
1.787200991724373189e+00 1.494486671171108672e+00
1.370561800135250863e+00 -3.793263479757633672e-01
1.014584236601823175e+00 -5.263370583564083161e-01
1.136816349087559574e+00 2.169786622934362086e+00
5.691997415071758937e-03 -3.506981042248793479e+00
6.882162169827610310e-01 -1.874689490412917880e+00
-9.871620148870015043e-01 -1.253151507334196113e+00
1.600068406398520882e+00 -1.275514416188796796e+00
1.515738605362636937e+00 1.168364338425719406e+00
-1.392946104899375426e+00 -1.561237478821883018e+00
-1.741955171667340485e+00 -1.959885343742308939e+00
6.094452506853611506e-01 -1.385511518130525310e+00
1.000322539613352824e+00 -5.584960231171736122e-01
5.774464909120957667e-01 -1.461272090417339298e-01
-1.089908934052951528e+00 -1.140530384112675710e+00
1.054759250781472257e+00 -1.686105685465739690e+00
8.290829429884745139e-01 -1.713647837160696241e+00
-7.187402770990878320e-01 -7.303994635985412431e-01
-1.155957466385710175e+00 -1.061525828097765745e+00
-1.898042871126388365e+00 -2.085624873746571684e+00
1.229007051600089717e+00 -4.111585521278613431e-01
-1.234193052958775239e+00 -1.424676797054303279e+00
9.044835957421032413e-01 -2.160619182312721875e-01
1.158814795996555791e+00 -7.809297705949228563e-01
1.531616303501982301e+00 -1.817026399006681503e-01
-1.341884812243315572e+00 -1.686427559784819064e+00
1.187025544072383587e+00 7.015310365449454189e-01
1.246497252406711498e+00 6.034873411720949044e-01
1.055901245085613116e-01 -3.344126360261189035e+00
1.093840417066125337e+00 1.191890868591023445e-01
1.786342773715649423e+00 1.139153563308537898e+00
-1.618090986102644679e+00 -1.894954565385141398e+00
1.345364661707351805e+00 -4.664203539142114385e-01
-5.315002628739909918e-01 -3.838827780333933237e-01
1.373213212320413934e+00 -4.213687735611172380e-01
-6.207904192097780660e-01 -3.084515334722026658e-01
1.108144973952731593e+00 -1.314858503262545053e+00
-1.059809899703703318e+00 -1.228721428101889224e+00
-1.082234585342812361e+00 -9.301293295177105458e-01
-1.024515841562720686e+00 -8.917281315246150530e-01
-1.342613288728901733e+00 -1.465291825289511296e+00
-1.119260147235010106e+00 -1.154641492214736775e+00
1.337888876419249140e+00 -9.054064418956320193e-01
-5.715507776465769130e-01 -8.183664466338033128e-01
1.221616193193083788e+00 -1.430305755439410520e-01
7.494465199508320019e-01 -1.531020544980035591e+00
1.271949091906594553e+00 -1.258213902106699145e+00
-1.066858350424773949e+00 -1.145086121345360253e+00
1.318880576424475537e+00 -5.543471681372743598e-01
-6.653117860078030521e-01 -5.527425748169092490e-01
-9.700102916797028740e-01 -1.065571113069660569e+00
4.973452655885357565e-02 -4.082155871289756988e+00
1.401953956593167572e+00 3.205952849611561906e-01
-1.143078685463363220e+00 -1.211024538874502454e+00
1.427459632880233364e+00 7.086334356731502915e-01
-1.071810882603120962e+00 -1.081313859990065795e+00
1.340055904555550015e+00 5.201192479259582058e-01
-1.607811517272218493e+00 -1.671057191198018099e+00
6.950934668568176100e-01 -1.843257404349365025e+00
1.215671801681722286e+00 -4.821263558556208029e-01
-6.639267855270074570e-01 -4.028224255915023866e-01
7.334447250335920376e-01 -2.416688735932108756e-01
1.153510683376139268e+00 -1.110455404204493401e+00
1.549086781323536055e+00 -7.230042133289655837e-01
3.809420498412763312e-01 -1.414737155017760761e+00
1.051472597109179397e+00 -1.522417991876521270e+00
-1.257509567557334229e+00 -1.289688369652281841e+00
4.731267944129915470e-01 -4.887410529573808837e+00
-1.833449761914832665e-01 2.945685165946259065e-01
-1.752993953515149972e+00 -2.114129946771440949e+00
3.963432104921256194e-01 -3.020980296769110396e+00
1.339140080092956708e+00 -5.200128972150642737e-01
8.015008581742606442e-01 3.713210919096976426e-02
1.018276333303545167e+00 7.773421907673787601e-01
-2.290404189431586968e+00 -2.452785917710678554e+00
-1.068314287506857863e+00 -1.302098193370868406e+00
3.994908935315699683e-01 -1.971488535829862609e+00
5.110353407677192816e-01 1.010359088099389790e+00
1.051866990607920549e+00 -5.903034382268634861e-02
-6.333433917046066286e-01 -4.741042844300464854e-01
-7.154665711990335630e-01 -6.990409141026134865e-01
5.536789512105300126e-02 -2.860276569701350802e+00
7.558112859306377329e-01 -1.898604347925800795e+00
1.024950766210202868e+00 -6.471791243058460097e-01
2.599340492958184257e-01 -2.772527715229410994e+00
-8.456343655905501633e-01 -8.839589133552095968e-01
-1.303823513720157035e+00 -1.092443808289515150e+00
-2.035993998129818294e+00 -2.580370189707914541e+00
-1.801589810748536191e+00 -2.179364814925837557e+00
5.959684803069867920e-01 -7.234957287978833751e-01
6.079032602303304778e-01 -1.715741766881813346e+00
-1.815690718679795923e+00 -2.056435472854512003e+00
8.360514807953517424e-01 4.030999784340392189e-01
1.204072507992413277e+00 -1.271333079835555990e-01
-4.356263370944649660e-01 -4.569224581683650754e-02
8.511728513248639771e-01 -2.634117225831219544e-01
1.680538903692440300e+00 5.096286651296471071e-01
1.833880244343869759e+00 2.517160331722312350e-01
-3.302524299905937877e-01 -1.725494274776649961e-01
2.587033200936318389e-01 -1.735426786039650171e+00
2.087619913419800355e-01 -2.010171597599716531e+00
9.205726486336717196e-01 -1.144790652853120427e+00
1.752052136543758909e+00 -1.951891133747400087e+00
-2.228399833586232504e+00 -2.734769691950328152e+00
3.588277034228017914e-01 9.659228942110142935e-01
6.746022371023454589e-01 -1.855812562434862478e+00
1.491134733868943352e+00 -9.512025721059358396e-02
-6.239731535226733516e-02 3.568087929515348922e-01
-2.036200700143176334e+00 -2.288988115328776995e+00
1.346187641346429986e+00 1.280373854155446800e+00
1.127643510365753388e+00 -1.566156505323634818e+00
9.963350058745819027e-01 -3.375973067710443143e+00
2.236726105809333731e+00 9.197862897261994686e-01
2.350329901636404095e+00 1.730544983383351276e+00
-1.955053134813322657e+00 -2.278272049980421432e+00
2.294881994563743310e-01 -3.076174831396565779e+00
1.043247526863244623e-01 3.738444464295069825e-01
-1.351180437176578764e+00 -1.496942248653561958e+00
-9.166565075165178378e-01 -1.015952341489957167e+00
-1.001481031194751514e+00 -1.133387478799631198e+00
-1.122646735814235575e+00 -1.192771799019927359e+00
-7.698223957044381116e-01 -8.626485121076847840e-01
-1.821872345515399116e+00 -2.235165988026644790e+00
2.899483110792502316e-01 -1.610333457870192664e+00
3.236045883732028283e-01 -2.808230044430843453e+00
-4.843774899886388319e-01 -2.272686130553963624e-01
1.169632250086380276e+00 -7.575772343309499224e-01
-7.409836834204135414e-01 -7.158541934691765585e-01
-8.616551696615233347e-01 -6.146850755918069620e-01
-2.362940123416601423e-01 -2.389433989696925664e+00
-1.470218257099701775e+00 -1.451660479326052133e+00
2.246448875233477693e+00 -3.493216823065847798e-02
-9.510644814911021205e-01 -1.065348213555653567e+00
-1.963013505440052597e+00 -2.437067012057516635e+00
3.645254986894806981e-01 -2.159940866832647188e+00
-8.986889059669533886e-01 -9.467145703581845151e-01
-1.442343493311819325e+00 -1.826189247592518106e+00
-4.372692805764791801e-01 -1.590330364095214888e-01
1.517843060723857107e+00 2.525339955242689172e-02
-3.230608884916421619e-01 -2.100536291614885087e-02
1.914723482198837701e+00 1.821671076658534894e+00
7.189563257606853552e-01 -7.170847399528615940e-01
1.324042199506057838e+00 -3.769085320810228179e-01
-8.835867667822994154e-01 -9.705363109686786505e-01
1.918282543068725365e+00 -8.160427164917238851e-01
1.251338817456800756e+00 -5.700214242967738265e-02
-1.347234718647155605e-01 3.585542825828469393e-01
-1.150356029062144847e+00 -1.240547908601537630e+00
2.226782700732683473e-01 -1.687954085714878039e+00
-5.059611559735119890e-01 -3.450757968334849934e-01
-1.744461610828661247e+00 -1.953536696303836306e+00
-1.474539196735635382e+00 -1.402883792757775527e+00
7.735456619674521139e-01 -1.341072237450266158e+00
-1.638644567256448692e+00 -2.055877822237186514e+00
-3.533210333644433154e-01 5.621107582769946376e-02
-8.430981714883323264e-01 -6.079097137787503602e-01
-1.044933833355792041e+00 -1.245955797900155870e+00
4.912036405154862617e-01 6.633399790183640565e-01
-1.998030454602997441e+00 -2.053055417414359596e+00
7.684153845465007127e-01 -8.415899206521793019e-01
8.727646248521909733e-01 -2.840382053054408829e+00
-6.889728241276444898e-01 -5.519363545563904516e-01
1.823012376127593370e+00 1.758756451084786399e+00
6.903751650788660932e-01 1.269005245612711441e+00
-1.024955544120149886e+00 -1.066712292923216454e+00
5.694527492587496686e-01 -1.124500186807308566e+00
2.386586537312245238e-01 5.745700408598626296e-01
2.398712550118975440e-01 6.580251486136348138e-01
-1.502467334364338658e+00 -1.685263991286856555e+00
8.402789888435600041e-01 -2.950896694952900745e+00
1.196874750494824058e+00 -1.366232110000132449e+00
1.054675548944109087e+00 -3.074687369113772162e-01
1.131050825537224247e+00 -2.883266014643214969e+00
-1.298534725363148068e+00 -1.241834337199677396e+00
1.431882256121133290e+00 1.170515531340899695e+00
-1.273215170902844307e+00 -1.414964977683916825e+00
1.163457839376457414e+00 -5.062050910671872517e-01
-1.079586829666366432e+00 -1.131361379194366856e+00
1.259802423324965392e+00 -2.489743584946392474e+00
-1.451672049233945883e+00 -1.496316995348021317e+00
-1.437389802466761735e+00 -1.242149572824530424e+00
2.034715350587596561e+00 1.794033986183555918e+00
-1.070523988806553195e-01 -1.644857491769450286e+00
-1.704005104163863082e+00 -1.579969180912503157e+00
-3.302616710633116126e-01 8.893841429063709114e-02
-1.321952405959804011e+00 -1.092034690792068385e+00
6.231025506283096593e-01 -2.854147310493166056e+00
1.230426502338720862e+00 -2.500497444060026941e-01
7.673528829824053377e-01 -1.839020751260165953e+00
-1.045770687566556445e+00 -9.359918792696263479e-01
9.312407007321584773e-01 -8.199035611344374086e-01
1.627220614572638446e+00 -4.736834409378092303e-01
2.797718471213809233e-01 -9.516780550878314315e-01
-1.120252733303598092e+00 -1.159458294667139011e+00
-2.068054277096859739e+00 -1.903220309313707004e+00
-9.196786831405050489e-01 -6.744135763880254597e-01
-1.061170851493315137e+00 -1.033789001364253002e+00
1.737863898839954846e+00 2.144130523815770406e+00
4.374395276918059405e-01 9.784233866570009042e-01
-1.496620700844542906e+00 -1.928376641791539337e+00
4.289371967931346896e-01 -1.443310215386568895e+00
-3.451168378015037064e-01 -1.325003131898498943e-01
7.169298991735431059e-01 -2.193247739935340501e+00
-1.271462036907302640e-01 3.306715628800047657e-01
-1.412135250115992946e+00 -1.642117952692871086e+00
1.116899017541651329e+00 -2.276721766976801398e+00
-1.544561618884077614e+00 -1.713032965716188460e+00
9.129963239729115276e-01 -3.453127135070970244e-01
1.861288101994797106e+00 1.480609857479056934e+00
-3.302981741552359907e-01 -1.001448466923715586e-01
-1.111545991597755911e+00 -1.250296649542365524e+00
-1.011923715647594646e+00 -1.177455562028070446e+00
-1.271984355700805036e+00 -1.703518365104101928e+00
9.295937767540863872e-01 -7.433308978056998306e-01
-3.384306238790832921e-01 -3.433151197085497763e-01
1.542707948437042287e+00 -5.566477815934134377e-02
8.166456612763999257e-01 -1.250918697409394653e+00
1.137822536154866615e+00 -1.261519572273930745e+00
